157D
mean: 1.4378220000000002
medium: 1.3465
minimum: 0.599
maximum: 5.187
std: 0.5454588548332495

1I9X
mean: 3.053826
medium: 3.0675
minimum: 1.875
maximum: 7.164
std: 0.4531721038678352

1KD5
mean: 4.007777
medium: 3.9865000000000004
minimum: 2.135
maximum: 11.543
std: 0.7609945382662086
